6.169999999999999929e+00
4.809999999999999609e+00
6.330000000000000071e+00
4.750000000000000000e+00
5.509999999999999787e+00
6.129999999999999893e+00
6.219999999999999751e+00
6.219999999999999751e+00
6.080000000000000071e+00
6.969999999999999751e+00
7.370000000000000107e+00
6.799999999999999822e+00
6.919999999999999929e+00
6.769999999999999574e+00
7.309999999999999609e+00
5.200000000000000178e+00
8.160000000000000142e+00
5.599999999999999645e+00
6.230000000000000426e+00
7.500000000000000000e+00
6.009999999999999787e+00
7.740000000000000213e+00
6.190000000000000391e+00
6.299999999999999822e+00
7.200000000000000178e+00
6.700000000000000178e+00
7.049999999999999822e+00
6.440000000000000391e+00
6.370000000000000107e+00
7.150000000000000355e+00
6.230000000000000426e+00
6.059999999999999609e+00
5.849999999999999645e+00
7.150000000000000355e+00
6.080000000000000071e+00
7.490000000000000213e+00
6.330000000000000071e+00
6.650000000000000355e+00
7.030000000000000249e+00
7.009999999999999787e+00
6.360000000000000320e+00
6.480000000000000426e+00
6.419999999999999929e+00
6.589999999999999858e+00
6.089999999999999858e+00
7.269999999999999574e+00
5.769999999999999574e+00
5.410000000000000142e+00
5.309999999999999609e+00
6.179999999999999716e+00
5.309999999999999609e+00
6.099999999999999645e+00
7.610000000000000320e+00
6.379999999999999893e+00
6.049999999999999822e+00
6.530000000000000249e+00
7.339999999999999858e+00
7.389999999999999680e+00
5.120000000000000107e+00
5.330000000000000071e+00
5.120000000000000107e+00
7.379999999999999893e+00
6.580000000000000071e+00
5.669999999999999929e+00
6.769999999999999574e+00
7.780000000000000249e+00
6.519999999999999574e+00
5.400000000000000355e+00
5.469999999999999751e+00
7.509999999999999787e+00
6.620000000000000107e+00
7.320000000000000284e+00
5.330000000000000071e+00
7.259999999999999787e+00
5.799999999999999822e+00
5.169999999999999929e+00
5.089999999999999858e+00
6.169999999999999929e+00
6.759999999999999787e+00
5.940000000000000391e+00
8.169999999999999929e+00
7.540000000000000036e+00
7.019999999999999574e+00
7.540000000000000036e+00
6.610000000000000320e+00
6.410000000000000142e+00
6.450000000000000178e+00
5.990000000000000213e+00
4.700000000000000178e+00
6.799999999999999822e+00
7.190000000000000391e+00
6.750000000000000000e+00
6.230000000000000426e+00
6.240000000000000213e+00
6.660000000000000142e+00
6.820000000000000284e+00
6.910000000000000142e+00
7.040000000000000036e+00
6.549999999999999822e+00
5.519999999999999574e+00
